0
0
0
0
0
0
0.5020
0
0
0
0
0
0
0.5020
0.5020
0
0
0
0
0
0.5020
0
0.5020
0
0
0
0
0.5020
0.5020
0.5020
0.5020
0
0
0
0.2510
0
0
0
0.7529
0
0
0.2510
0.2510
0
0
0.7529
0.7529
0
0.2510
0
0.2510
0
0.7529
0
0.7529
0.2510
0.2510
0.2510
0.2510
0.7529
0.7529
0.7529
0.7529
0
0
0
0
0
0
0.5020
0.5020
0
0
0
0
0
0
0.5020
0.5020
0
0
0
0
0.5020
0.5020
0.5020
0.5020
0
0
0
0
0.5020
0.5020
0.5020
0.5020
0
0
0.2510
0.2510
0
0
0.7529
0.7529
0
0
0.2510
0.2510
0
0
0.7529
0.7529
0.2510
0.2510
0.2510
0.2510
0.7529
0.7529
0.7529
0.7529
0.2510
0.2510
0.2510
0.2510
0.7529
0.7529
0.7529
0.7529
0
0
0
0
0
0.5020
0
0.5020
0
0
0
0
0.5020
0.5020
0.5020
0.5020
0
0
0
0
0
0.5020
0
0.5020
0
0
0
0
0.5020
0.5020
0.5020
0.5020
0
0.2510
0
0.2510
0
0.7529
0
0.7529
0.2510
0.2510
0.2510
0.2510
0.7529
0.7529
0.7529
0.7529
0
0.2510
0
0.2510
0
0.7529
0
0.7529
0.2510
0.2510
0.2510
0.2510
0.7529
0.7529
0.7529
0.7529
0
0
0
0
0.5020
0.5020
0.5020
0.5020
0
0
0
0
0.5020
0.5020
0.5020
0.5020
0
0
0
0
0.5020
0.5020
0.5020
0.5020
0
0
0
0
0.5020
0.5020
0.5020
0.5020
0.2510
0.2510
0.2510
0.2510
0.7529
0.7529
0.7529
0.7529
0.2510
0.2510
0.2510
0.2510
0.7529
0.7529
0.7529
0.7529
0.2510
0.2510
0.2510
0.2510
0.7529
0.7529
0.7529
0.7529
0.2510
0.2510
0.2510
0.2510
0.7529
0.7529
0.7529
0.7529
