0.50199997425079 0 0 1
0 0.50199997425079 0 2
0.50199997425079 0.50199997425079 0 3
0 0 0.50199997425079 4
0.50199997425079 0 0.50199997425079 5
0 0.50199997425079 0.50199997425079 6
0.50199997425079 0.50199997425079 0.50199997425079 7
0.2509999871254 0 0 8
0.7529000043869 0 0 9
0.2509999871254 0.50199997425079 0 10
0.7529000043869 0.50199997425079 0 11
0.2509999871254 0 0.50199997425079 12
0.7529000043869 0 0.50199997425079 13
0.2509999871254 0.50199997425079 0.50199997425079 14
0.7529000043869 0.50199997425079 0.50199997425079 15
0 0.2509999871254 0 16
0.50199997425079 0.2509999871254 0 17
0 0.7529000043869 0 18
0.50199997425079 0.7529000043869 0 19
0 0.2509999871254 0.50199997425079 20
0 0 0 21
0.87840002775192 0.87840002775192 0.7529000043869 255
